0	0.00593
0.00006	0.00606
0.00013	0.0062
0.00019	0.00635
0.00026	0.00651
0.00034	0.00668
0.00041	0.00685
0.00048	0.00704
0.00056	0.00725
0.00063	0.00747
0.00071	0.00771
0.0008	0.00797
0.00089	0.00826
0.00097	0.00859
0.00106	0.00896
0.00117	0.0094
0.00127	0.00993
0.00138	0.01059
0.0015	0.01148
0.00163	0.01282
0.00178	0.01551
0.00213	0.03798
0.00255	0.04768
0.00389	0.12855
0.00608	0.34498
0.00854	0.20127
0.01004	0.06035
0.01217	0.29483
0.01499	0.30017
0.01926	0.42683
0.02425	0.70024
0.02928	0.36838
0.03164	0.08144
0.03339	0.22649
0.03635	0.20208
0.04121	0.70327
0.04853	0.91348
0.05541	0.56134
0.06053	0.27289
0.06503	0.71842
0.07153	0.46275
0.07742	0.82836
0.08352	0.49533
0.08692	0.11785
0.09008	0.3703
0.09617	0.52087
0.10465	1.19145
0.11595	1.34402
0.12619	0.86136
0.13391	0.45896
0.13978	0.77076
0.14808	0.69167
0.15592	1.02413
0.1636	0.67687
0.16928	0.32636
0.17529	0.42678
0.18348	1.11044
0.1947	1.31346
0.20676	0.93472
0.2183	1.11465
0.23109	1.39833
0.24487	1.5676
0.25749	1.38631
0.26751	0.55423
0.27686	0.38545
0.28575	1.28627
0.29728	1.5489
0.31082	0.77671
0.32106	1.10183
0.33593	1.07287
0.35137	1.65666
0.37065	1.75739
0.39105	1.73045
0.41056	2.0954
0.43145	2.22726
0.45438	1.90862
0.47691	1.4242
0.50051	1.65837
0.53071	1.686
0.56598	1.97252
0.60711	1.74477
0.65084	2.24699
0.69713	3.51479
0.74841	4.72967
0.80669	5.46102
0.86969	5.6309
0.93236	5.75384
0.99471	5.98765
1.0612	5.62716
1.13583	4.50332
1.20932	5.33287
1.28761	5.91731
1.36879	7.01497
1.45455	7.04727
1.54587	7.15575
1.64039	7.2365
1.73127	7.1666
1.81956	6.55868
1.90448	7.10676
1.99309	8.04666
2.09032	9.07141
2.19164	9.59443
2.29321	10.15407
2.3971	10.03482
2.49989	9.17875
2.59947	8.55815
2.69311	9.35114
2.78814	9.5183
2.89152	9.79539
3.0008	10.23814
3.1128	10.35637
3.22725	10.34491
3.344	8.88823
3.45764	9.51854
3.57767	10.12114
3.70253	8.91397
3.825	9.11602
3.9531	10.64447
4.09065	10.8282
4.2293	10.67958
4.36664	10.9239
4.50321	11.75775
4.64142	12.42824
4.78107	13.06872
4.92284	12.91349
5.06359	12.93144
5.20492	13.53141
5.3499	14.25291
5.49841	14.74649
5.64912	15.04197
5.80099	15.20079
5.95252	15.20098
6.10198	15.0998
6.24839	15.06469
6.39187	15.0583
6.53265	14.91066
6.67053	14.5346
6.80506	13.98337
6.93589	13.36466
7.06289	12.89274
7.18642	12.62649
7.3068	12.42031
7.42353	12.14823
7.53561	11.89356
7.6432	11.7062
7.7473	11.46734
7.84837	11.34744
7.94763	11.46882
8.04616	11.5451
8.144	11.67604
8.2417	11.72235
8.33898	11.65353
8.43534	11.58543
8.53085	11.64677
8.62621	11.78625
8.72187	11.90982
8.81777	11.97547
8.91365	11.98163
9.00924	11.96296
9.10442	11.97353
9.19936	12.03128
9.29431	12.10735
9.38933	12.18762
9.48448	12.26333
9.57969	12.31783
9.67485	12.33649
9.76974	12.30855
9.86407	12.22794
9.95752	12.09246
10.04971	11.89311
10.14021	11.60453
10.22843	11.18992
10.31358	10.58817
10.39455	9.66989
10.46961	8.29217
10.53635	6.64168
10.59335	5.19147
10.64157	4.33986
10.68398	4.33951
10.72478	4.55821
10.76504	4.33117
10.80266	3.30504
10.8338	2.9831
10.86257	1.98231
10.88614	2.15613
10.91035	1.43031
10.93056	2.01648
10.95315	2.37275
10.97679	2.58488
11.00081	2.80357
11.02547	2.86914
11.05045	2.44793
11.07416	2.00064
11.09623	2.12401
11.11868	2.14173
11.14037	2.00435
11.16096	2.80448
11.18533	2.83442
11.20963	2.44409
11.23225	2.09378
11.2534	
