   -0.7475000      0.00682
   -0.7425000      0.00698
   -0.7375000      0.00715
   -0.7325000      0.00734
   -0.7275000      0.00753
   -0.7225000      0.00773
   -0.7175000      0.00795
   -0.7125000      0.00818
   -0.7075000      0.00843
   -0.7025000      0.00870
   -0.6975000      0.00900
   -0.6925000      0.00933
   -0.6875000      0.00970
   -0.6825000      0.01012
   -0.6775000      0.01061
   -0.6725000      0.01120
   -0.6675000      0.01196
   -0.6625000      0.01298
   -0.6575000      0.01459
   -0.6525000      0.01838
   -0.6475000      0.05329
   -0.6425000      0.04521
   -0.6375000      0.22139
   -0.6325000      0.30939
   -0.6275000      0.14841
   -0.6225000      0.09861
   -0.6175000      0.36585
   -0.6125000      0.26625
   -0.6075000      0.55405
   -0.6025000      0.57222
   -0.5975000      0.30745
   -0.5925000      0.10294
   -0.5875000      0.26900
   -0.5825000      0.36597
   -0.5775000      0.76932
   -0.5725000      0.75983
   -0.5675000      0.46171
   -0.5625000      0.46473
   -0.5575000      0.62666
   -0.5525000      0.58149
   -0.5475000      0.71467
   -0.5425000      0.39166
   -0.5375000      0.18466
   -0.5325000      0.51370
   -0.5275000      0.84888
   -0.5225000      1.17330
   -0.5175000      1.06953
   -0.5125000      0.70350
   -0.5075000      0.68333
   -0.5025000      0.71383
   -0.4975000      0.88976
   -0.4925000      0.87606
   -0.4875000      0.51300
   -0.4825000      0.45943
   -0.4775000      0.87364
   -0.4725000      1.21289
   -0.4675000      1.13303
   -0.4625000      1.09829
   -0.4575000      1.37416
   -0.4525000      1.44305
   -0.4475000      1.35707
   -0.4425000      0.95573
   -0.4375000      0.61747
   -0.4325000      1.31677
   -0.4275000      1.39201
   -0.4225000      1.02061
   -0.4175000      1.16009
   -0.4125000      1.26871
   -0.4075000      1.87566
   -0.4025000      2.01359
   -0.3975000      2.19925
   -0.3925000      2.32226
   -0.3875000      2.17294
   -0.3825000      2.08171
   -0.3775000      2.35969
   -0.3725000      2.59555
   -0.3675000      3.29572
   -0.3625000      4.38156
   -0.3575000      5.36803
   -0.3525000      6.25544
   -0.3475000      7.00026
   -0.3425000      7.01106
   -0.3375000      6.74049
   -0.3325000      6.92678
   -0.3275000      7.13939
   -0.3225000      6.90415
   -0.3175000      6.71559
   -0.3125000      7.30868
   -0.3075000      9.29838
   -0.3025000     10.19708
   -0.2975000     10.32304
   -0.2925000     10.32076
   -0.2875000     10.13469
   -0.2825000     11.21631
   -0.2775000     11.75027
   -0.2725000     10.93779
   -0.2675000     10.49276
   -0.2625000     10.42639
   -0.2575000     10.61327
   -0.2525000     11.40114
   -0.2475000     11.19115
   -0.2425000     10.72028
   -0.2375000     10.62451
   -0.2325000     10.52268
   -0.2275000     10.73645
   -0.2225000     10.17075
   -0.2175000      9.65428
   -0.2125000     11.15614
   -0.2075000     12.06298
   -0.2025000     12.16164
   -0.1975000     12.53199
   -0.1925000     13.00666
   -0.1875000     13.84023
   -0.1825000     14.48671
   -0.1775000     14.85079
   -0.1725000     15.58014
   -0.1675000     16.50388
   -0.1625000     16.86656
   -0.1575000     16.90039
   -0.1525000     16.78906
   -0.1475000     16.38887
   -0.1425000     15.88501
   -0.1375000     15.50161
   -0.1325000     15.28719
   -0.1275000     15.23461
   -0.1225000     15.33526
   -0.1175000     15.46258
   -0.1125000     15.45107
   -0.1075000     15.39538
   -0.1025000     15.33156
   -0.0975000     15.10427
   -0.0925000     14.69209
   -0.0875000     14.18288
   -0.0825000     13.63092
   -0.0775000     13.09754
   -0.0725000     12.66411
   -0.0675000     12.37323
   -0.0625000     12.18161
   -0.0575000     12.03610
   -0.0525000     11.81386
   -0.0475000     11.44806
   -0.0425000     10.92665
   -0.0375000     10.26650
   -0.0325000      9.62491
   -0.0275000      9.11375
   -0.0225000      8.74654
   -0.0175000      8.50643
   -0.0125000      8.23500
   -0.0075000      8.02401
   -0.0025000      7.86505
    0.0025000      7.73247
    0.0075000      7.61793
    0.0125000      7.51698
    0.0175000      7.42666
    0.0225000      7.34484
    0.0275000      7.26990
    0.0325000      7.20051
    0.0375000      7.13551
    0.0425000      7.07391
    0.0475000      7.01470
    0.0525000      6.95689
    0.0575000      6.89935
    0.0625000      6.84078
    0.0675000      6.77960
    0.0725000      6.71385
    0.0775000      6.64103
    0.0825000      6.55806
    0.0875000      6.46115
    0.0925000      6.34582
    0.0975000      6.20707
    0.1025000      6.03990
    0.1075000      5.84021
    0.1125000      5.60657
    0.1175000      5.34221
    0.1225000      5.05566
    0.1275000      4.75728
    0.1325000      4.45291
    0.1375000      4.14148
    0.1425000      3.81964
    0.1475000      3.49418
    0.1525000      3.19503
    0.1575000      2.92039
    0.1625000      2.77343
    0.1675000      2.72900
    0.1725000      2.68546
    0.1775000      2.61361
    0.1825000      2.50191
    0.1875000      2.35566
    0.1925000      2.21798
    0.1975000      2.12812
    0.2025000      2.12756
    0.2075000      2.29413
    0.2125000      2.41209
    0.2175000      2.36656
    0.2225000      2.19662
    0.2275000      2.11226
    0.2325000      2.06962
    0.2375000      2.02633
    0.2425000      2.08075
    0.2475000      2.13587
