   -0.7475000      0.00593
   -0.7425000      0.00606
   -0.7375000      0.00620
   -0.7325000      0.00635
   -0.7275000      0.00651
   -0.7225000      0.00668
   -0.7175000      0.00685
   -0.7125000      0.00704
   -0.7075000      0.00725
   -0.7025000      0.00747
   -0.6975000      0.00771
   -0.6925000      0.00797
   -0.6875000      0.00826
   -0.6825000      0.00859
   -0.6775000      0.00896
   -0.6725000      0.00940
   -0.6675000      0.00993
   -0.6625000      0.01059
   -0.6575000      0.01148
   -0.6525000      0.01282
   -0.6475000      0.01551
   -0.6425000      0.03798
   -0.6375000      0.04768
   -0.6325000      0.12855
   -0.6275000      0.34498
   -0.6225000      0.20127
   -0.6175000      0.06035
   -0.6125000      0.29483
   -0.6075000      0.30017
   -0.6025000      0.42683
   -0.5975000      0.70024
   -0.5925000      0.36838
   -0.5875000      0.08144
   -0.5825000      0.22649
   -0.5775000      0.20208
   -0.5725000      0.70327
   -0.5675000      0.91348
   -0.5625000      0.56134
   -0.5575000      0.27289
   -0.5525000      0.71842
   -0.5475000      0.46275
   -0.5425000      0.82836
   -0.5375000      0.49533
   -0.5325000      0.11785
   -0.5275000      0.37030
   -0.5225000      0.52087
   -0.5175000      1.19145
   -0.5125000      1.34402
   -0.5075000      0.86136
   -0.5025000      0.45896
   -0.4975000      0.77076
   -0.4925000      0.69167
   -0.4875000      1.02413
   -0.4825000      0.67687
   -0.4775000      0.32636
   -0.4725000      0.42678
   -0.4675000      1.11044
   -0.4625000      1.31346
   -0.4575000      0.93472
   -0.4525000      1.11465
   -0.4475000      1.39833
   -0.4425000      1.56760
   -0.4375000      1.38631
   -0.4325000      0.55423
   -0.4275000      0.38545
   -0.4225000      1.28627
   -0.4175000      1.54890
   -0.4125000      0.77671
   -0.4075000      1.10183
   -0.4025000      1.07287
   -0.3975000      1.65666
   -0.3925000      1.75739
   -0.3875000      1.73045
   -0.3825000      2.09540
   -0.3775000      2.22726
   -0.3725000      1.90862
   -0.3675000      1.42420
   -0.3625000      1.65837
   -0.3575000      1.68600
   -0.3525000      1.97252
   -0.3475000      1.74477
   -0.3425000      2.24699
   -0.3375000      3.51479
   -0.3325000      4.72967
   -0.3275000      5.46102
   -0.3225000      5.63090
   -0.3175000      5.75384
   -0.3125000      5.98765
   -0.3075000      5.62716
   -0.3025000      4.50332
   -0.2975000      5.33287
   -0.2925000      5.91731
   -0.2875000      7.01497
   -0.2825000      7.04727
   -0.2775000      7.15575
   -0.2725000      7.23650
   -0.2675000      7.16660
   -0.2625000      6.55868
   -0.2575000      7.10676
   -0.2525000      8.04666
   -0.2475000      9.07141
   -0.2425000      9.59443
   -0.2375000     10.15407
   -0.2325000     10.03482
   -0.2275000      9.17875
   -0.2225000      8.55815
   -0.2175000      9.35114
   -0.2125000      9.51830
   -0.2075000      9.79539
   -0.2025000     10.23814
   -0.1975000     10.35637
   -0.1925000     10.34491
   -0.1875000      8.88823
   -0.1825000      9.51854
   -0.1775000     10.12114
   -0.1725000      8.91397
   -0.1675000      9.11602
   -0.1625000     10.64447
   -0.1575000     10.82820
   -0.1525000     10.67958
   -0.1475000     10.92390
   -0.1425000     11.75775
   -0.1375000     12.42824
   -0.1325000     13.06872
   -0.1275000     12.91349
   -0.1225000     12.93144
   -0.1175000     13.53141
   -0.1125000     14.25291
   -0.1075000     14.74649
   -0.1025000     15.04197
   -0.0975000     15.20079
   -0.0925000     15.20098
   -0.0875000     15.09980
   -0.0825000     15.06469
   -0.0775000     15.05830
   -0.0725000     14.91066
   -0.0675000     14.53460
   -0.0625000     13.98337
   -0.0575000     13.36466
   -0.0525000     12.89274
   -0.0475000     12.62649
   -0.0425000     12.42031
   -0.0375000     12.14823
   -0.0325000     11.89356
   -0.0275000     11.70620
   -0.0225000     11.46734
   -0.0175000     11.34744
   -0.0125000     11.46882
   -0.0075000     11.54510
   -0.0025000     11.67604
    0.0025000     11.72235
    0.0075000     11.65353
    0.0125000     11.58543
    0.0175000     11.64677
    0.0225000     11.78625
    0.0275000     11.90982
    0.0325000     11.97547
    0.0375000     11.98163
    0.0425000     11.96296
    0.0475000     11.97353
    0.0525000     12.03128
    0.0575000     12.10735
    0.0625000     12.18762
    0.0675000     12.26333
    0.0725000     12.31783
    0.0775000     12.33649
    0.0825000     12.30855
    0.0875000     12.22794
    0.0925000     12.09246
    0.0975000     11.89311
    0.1025000     11.60453
    0.1075000     11.18992
    0.1125000     10.58817
    0.1175000      9.66989
    0.1225000      8.29217
    0.1275000      6.64168
    0.1325000      5.19147
    0.1375000      4.33986
    0.1425000      4.33951
    0.1475000      4.55821
    0.1525000      4.33117
    0.1575000      3.30504
    0.1625000      2.98310
    0.1675000      1.98231
    0.1725000      2.15613
    0.1775000      1.43031
    0.1825000      2.01648
    0.1875000      2.37275
    0.1925000      2.58488
    0.1975000      2.80357
    0.2025000      2.86914
    0.2075000      2.44793
    0.2125000      2.00064
    0.2175000      2.12401
    0.2225000      2.14173
    0.2275000      2.00435
    0.2325000      2.80448
    0.2375000      2.83442
    0.2425000      2.44409
    0.2475000      2.09378
