0	0.00682
0.00006	0.00698
0.00013	0.00715
0.00019	0.00734
0.00026	0.00753
0.00034	0.00773
0.00041	0.00795
0.00048	0.00818
0.00056	0.00843
0.00063	0.0087
0.00071	0.009
0.0008	0.00933
0.00089	0.0097
0.00097	0.01012
0.00106	0.01061
0.00117	0.0112
0.00127	0.01196
0.00138	0.01298
0.0015	0.01459
0.00163	0.01838
0.00178	0.05329
0.00213	0.04521
0.00255	0.22139
0.00389	0.30939
0.00608	0.14841
0.00854	0.09861
0.01004	0.36585
0.01217	0.26625
0.01499	0.55405
0.01926	0.57222
0.02425	0.30745
0.02928	0.10294
0.03164	0.269
0.03339	0.36597
0.03635	0.76932
0.04121	0.75983
0.04853	0.46171
0.05541	0.46473
0.06053	0.62666
0.06503	0.58149
0.07153	0.71467
0.07742	0.39166
0.08352	0.18466
0.08692	0.5137
0.09008	0.84888
0.09617	1.1733
0.10465	1.06953
0.11595	0.7035
0.12619	0.68333
0.13391	0.71383
0.13978	0.88976
0.14808	0.87606
0.15592	0.513
0.1636	0.45943
0.16928	0.87364
0.17529	1.21289
0.18348	1.13303
0.1947	1.09829
0.20676	1.37416
0.2183	1.44305
0.23109	1.35707
0.24487	0.95573
0.25749	0.61747
0.26751	1.31677
0.27686	1.39201
0.28575	1.02061
0.29728	1.16009
0.31082	1.26871
0.32106	1.87566
0.33593	2.01359
0.35137	2.19925
0.37065	2.32226
0.39105	2.17294
0.41056	2.08171
0.43145	2.35969
0.45438	2.59555
0.47691	3.29572
0.50051	4.38156
0.53071	5.36803
0.56598	6.25544
0.60711	7.00026
0.65084	7.01106
0.69713	6.74049
0.74841	6.92678
0.80669	7.13939
0.86969	6.90415
0.93236	6.71559
0.99471	7.30868
1.0612	9.29838
1.13583	10.19708
1.20932	10.32304
1.28761	10.32076
1.36879	10.13469
1.45455	11.21631
1.54587	11.75027
1.64039	10.93779
1.73127	10.49276
1.81956	10.42639
1.90448	10.61327
1.99309	11.40114
2.09032	11.19115
2.19164	10.72028
2.29321	10.62451
2.3971	10.52268
2.49989	10.73645
2.59947	10.17075
2.69311	9.65428
2.78814	11.15614
2.89152	12.06298
3.0008	12.16164
3.1128	12.53199
3.22725	13.00666
3.344	13.84023
3.45764	14.48671
3.57767	14.85079
3.70253	15.58014
3.825	16.50388
3.9531	16.86656
4.09065	16.90039
4.2293	16.78906
4.36664	16.38887
4.50321	15.88501
4.64142	15.50161
4.78107	15.28719
4.92284	15.23461
5.06359	15.33526
5.20492	15.46258
5.3499	15.45107
5.49841	15.39538
5.64912	15.33156
5.80099	15.10427
5.95252	14.69209
6.10198	14.18288
6.24839	13.63092
6.39187	13.09754
6.53265	12.66411
6.67053	12.37323
6.80506	12.18161
6.93589	12.0361
7.06289	11.81386
7.18642	11.44806
7.3068	10.92665
7.42353	10.2665
7.53561	9.62491
7.6432	9.11375
7.7473	8.74654
7.84837	8.50643
7.94763	8.235
8.04616	8.02401
8.144	7.86505
8.2417	7.73247
8.33898	7.61793
8.43534	7.51698
8.53085	7.42666
8.62621	7.34484
8.72187	7.2699
8.81777	7.20051
8.91365	7.13551
9.00924	7.07391
9.10442	7.0147
9.19936	6.95689
9.29431	6.89935
9.38933	6.84078
9.48448	6.7796
9.57969	6.71385
9.67485	6.64103
9.76974	6.55806
9.86407	6.46115
9.95752	6.34582
10.04971	6.20707
10.14021	6.0399
10.22843	5.84021
10.31358	5.60657
10.39455	5.34221
10.46961	5.05566
10.53635	4.75728
10.59335	4.45291
10.64157	4.14148
10.68398	3.81964
10.72478	3.49418
10.76504	3.19503
10.80266	2.92039
10.8338	2.77343
10.86257	2.729
10.88614	2.68546
10.91035	2.61361
10.93056	2.50191
10.95315	2.35566
10.97679	2.21798
11.00081	2.12812
11.02547	2.12756
11.05045	2.29413
11.07416	2.41209
11.09623	2.36656
11.11868	2.19662
11.14037	2.11226
11.16096	2.06962
11.18533	2.02633
11.20963	2.08075
11.23225	2.13587
11.2534	
