-0.7475	0.01275
-0.7425	0.01304
-0.7375	0.01335
-0.7325	0.01369
-0.7275	0.01404
-0.7225	0.01441
-0.7175	0.0148
-0.7125	0.01522
-0.7075	0.01568
-0.7025	0.01617
-0.6975	0.01671
-0.6925	0.0173
-0.6875	0.01796
-0.6825	0.01871
-0.6775	0.01957
-0.6725	0.0206
-0.6675	0.02189
-0.6625	0.02357
-0.6575	0.02607
-0.6525	0.0312
-0.6475	0.0688
-0.6425	0.08319
-0.6375	0.26907
-0.6325	0.43794
-0.6275	0.49339
-0.6225	0.29988
-0.6175	0.4262
-0.6125	0.56108
-0.6075	0.85422
-0.6025	0.99905
-0.5975	1.00769
-0.5925	0.47132
-0.5875	0.35044
-0.5825	0.59246
-0.5775	0.9714
-0.5725	1.4631
-0.5675	1.37519
-0.5625	1.02607
-0.5575	0.89955
-0.5525	1.29991
-0.5475	1.17742
-0.5425	1.22002
-0.5375	0.67999
-0.5325	0.63155
-0.5275	1.21918
-0.5225	1.69417
-0.5175	2.26098
-0.5125	2.04752
-0.5075	1.54469
-0.5025	1.17279
-0.4975	1.66052
-0.4925	1.56773
-0.4875	1.53713
-0.4825	1.1363
-0.4775	1.2
-0.4725	1.63967
-0.4675	2.24347
-0.4625	2.41175
-0.4575	2.30888
-0.4525	2.5577
-0.4475	2.7554
-0.4425	2.52333
-0.4375	2.00378
-0.4325	1.871
-0.4275	1.77746
-0.4225	2.30688
-0.4175	2.70899
-0.4125	2.04542
-0.4075	2.97749
-0.4025	3.08646
-0.3975	3.85591
-0.3925	4.07965
-0.3875	3.90339
-0.3825	4.17711
-0.3775	4.58695
-0.3725	4.50417
-0.3675	4.71992
-0.3625	6.03993
-0.3575	7.05403
-0.3525	8.22796
-0.3475	8.74503
-0.3425	9.25805
-0.3375	10.25528
-0.3325	11.65645
-0.3275	12.60041
-0.3225	12.53505
-0.3175	12.46943
-0.3125	13.29633
-0.3075	14.92554
-0.3025	14.7004
-0.2975	15.65591
-0.2925	16.23807
-0.2875	17.14966
-0.2825	18.26358
-0.2775	18.90602
-0.2725	18.17429
-0.2675	17.65936
-0.2625	16.98507
-0.2575	17.72003
-0.2525	19.4478
-0.2475	20.26256
-0.2425	20.31471
-0.2375	20.77858
-0.2325	20.5575
-0.2275	19.9152
-0.2225	18.7289
-0.2175	19.00542
-0.2125	20.67444
-0.2075	21.85837
-0.2025	22.39978
-0.1975	22.88836
-0.1925	23.35157
-0.1875	22.72846
-0.1825	24.00525
-0.1775	24.97193
-0.1725	24.49411
-0.1675	25.6199
-0.1625	27.51103
-0.1575	27.72859
-0.1525	27.46864
-0.1475	27.31277
-0.1425	27.64276
-0.1375	27.92985
-0.1325	28.35591
-0.1275	28.1481
-0.1225	28.2667
-0.1175	28.99399
-0.1125	29.70398
-0.1075	30.14187
-0.1025	30.37353
-0.0975	30.30506
-0.0925	29.89307
-0.0875	29.28268
-0.0825	28.69561
-0.0775	28.15584
-0.0725	27.57477
-0.0675	26.90783
-0.0625	26.16498
-0.0575	25.40076
-0.0525	24.7066
-0.0475	24.07455
-0.0425	23.34696
-0.0375	22.41473
-0.0325	21.51847
-0.0275	20.81995
-0.0225	20.21388
-0.0175	19.85387
-0.0125	19.70382
-0.0075	19.56911
-0.0025	19.54109
0.0025	19.45482
0.0075	19.27146
0.0125	19.10241
0.0175	19.07343
0.0225	19.13109
0.0275	19.17972
0.0325	19.17598
0.0375	19.11714
0.0425	19.03687
0.0475	18.98823
0.0525	18.98817
0.0575	19.0067
0.0625	19.0284
0.0675	19.04293
0.0725	19.03168
0.0775	18.97752
0.0825	18.86661
0.0875	18.68909
0.0925	18.43828
0.0975	18.10018
0.1025	17.64443
0.1075	17.03013
0.1125	16.19474
0.1175	15.0121
0.1225	13.34783
0.1275	11.39896
0.1325	9.64438
0.1375	8.48134
0.1425	8.15915
0.1475	8.05239
0.1525	7.5262
0.1575	6.22543
0.1625	5.75653
0.1675	4.71131
0.1725	4.84159
0.1775	4.04392
0.1825	4.51839
0.1875	4.72841
0.1925	4.80286
0.1975	4.93169
0.2025	4.9967
0.2075	4.74206
0.2125	4.41273
0.2175	4.49057
0.2225	4.33835
0.2275	4.11661
0.2325	4.8741
0.2375	4.86075
0.2425	4.52484
0.2475	4.22965
	
